2432  =  ; 
2433  =  ; 
2434  =  ; 
2435  =  ; 
2436  =  ; 
2437  = 65  ; 
2438  = 65 118  ; 
2439  = 66  ; 
2440  = 67  ; 
2441  = 68  ; 
2442  = 69  ; 
2443  = 70  ; 
2444  = 57  ; 
2445  =  ; 
2446  =  ; 
2447  = 71  ; 
2448  = 72  ; 
2449  =  ; 
2450  =  ; 
2451  = 73  ; 
2452  = 74  ; 
2453  = 75  ; 
2454  = 76  ; 
2455  = 77  ; 
2456  = 78  ; 
2457  = 79  ; 
2458  = 80  ; 
2459  = 81  ; 
2460  = 82  ; 
2461  = 83  ; 
2462  = 84  ; 
2463  = 85  ; 
2464  = 86  ; 
2465  = 87  ; 
2466  = 88  ; 
2467  = 89  ; 
2468  = 90  ; 
2469  = 95  ; 
2470  = 96  ; 
2471  = 97  ; 
2472  = 98  ; 
2473  =  ; 
2474  = 99  ; 
2475  = 100  ; 
2476  = 101  ; 
2477  = 102  ; 
2478  = 103  ; 
2479  = 104  ; 
2480  = 105  ; 
2481  =  ; 
2482  = 106  ; 
2483  =  ; 
2484  =  ; 
2485  =  ; 
2486  = 107  ; 
2487  = 108  ; 
2488  = 109  ; 
2489  = 110  ; 
2490  =  ; 
2491  =  ; 
2492  =  ; 
2493  = 117 110  ; 
2494  = 118  ; 
2495  = 119  ; 
2496  = 120  ; 
2497  = 121  ; 
2498  = 129  ; 
2499  = 132  ; 
2500  =  ; 
2501  =  ; 
2502  =  ; 
2503  = 135  ; 
2504  = 137  ; 
2505  =  ; 
2506  =  ; 
2507  =  ; 
2508  =  ; 
2509  = 38  ; 
2510  =  ; 
2511  =  ; 
2512  =  ; 
2513  =  ; 
2514  =  ; 
2515  =  ; 
2516  =  ; 
2517  =  ; 
2518  =  ; 
2519  = 138  ; 
2520  =  ; 
2521  =  ; 
2522  =  ; 
2523  =  ; 
2524  = 111  ; 
2525  = 112  ; 
2526  =  ; 
2527  = 113  ; 
2528  = 70 132  ; 
2529  =  ; 
2530  =  ; 
2531  =  ; 
2532  =  ; 
2533  =  ; 
2534  = 48  ; 
2535  = 49  ; 
2536  = 50  ; 
2537  = 51  ; 
2538  = 52  ; 
2539  = 53  ; 
2540  = 54  ; 
2541  = 55  ; 
2542  = 56  ; 
2543  = 57  ; 
2544  =  ; 
2545  =  ; 
2546  =  ; 
2547  = 36  ; 
2548  =  ; 
2549  =  ; 
2550  =  ; 
2551  =  ; 
2552  =  ; 
2553  =  ; 
2554  =  ; 
2555  =  ; 
2556  =  ; 
2557  =  ; 
2558  =  ; 
2559  =  ; 
2453 2509 2453  = 176  ; 
2453 2509 2463  = 177  ; 
2453 2509 2468  = 179  ; 
2453 2509 2478  = 180  ; 
2453 2509 2479  = 75 168  ; 
2453 2509 2480  = 181  ; 
2453 2509 2482  = 75 172  ; 
2453 2509 2476  = 75 161  ; 
2453 2509 2487  = 182  ; 
2453 2509 2488  = 183  ; 
2453 2509 2482 2509 2479  =  ; 
2453 2509 2487 2509 2472  =  ; 
2453 2509 2487 2509 2478  =  ; 
2453 2509 2487 2509 2479  =  ; 
2454 2509 2479  =  ; 
2454 2509 2480  =  ; 
2455 2509 2455  =  ; 
2455 2509 2471  =  ; 
2455 2509 2472  =  ; 
2455 2509 2478  =  ; 
2455 2509 2482  =  ; 
2455 2509 2476  =  ; 
2455 2509 2472 2509 2479  =  ; 
2455 2509 2480 2509 2479  =  ; 
2456 2509 2472  =  ; 
2456 2509 2480  =  ; 
2456 2509 2479  =  ; 
2457 2509 2453  =  ; 
2457 2509 2454  =  ; 
2457 2509 2455  =  ; 
2457 2509 2456  =  ; 
2457 2509 2478  =  ; 
2457 2509 2453 2509 2487  =  ; 
2457 2509 2454 2509 2479  =  ; 
2457 2509 2455 2509 2479  =  ; 
2457 2509 2456 2509 2479  =  ; 
2458 2509 2458  =  ; 
2458 2509 2459  =  ; 
2458 2509 2462  =  ; 
2458 2509 2479  =  ; 
2458 2509 2459 2509 2480  =  ; 
2458 2509 2459 2509 2476  =  ; 
2459 2509 2479  =  ; 
2460 2509 2460  =  ; 
2460 2509 2461  =  ; 
2460 2509 2462  =  ; 
2460 2509 2479  =  ; 
2460 2509 2480  =  ; 
2460 2509 2476  =  ; 
2460 2509 2460 2509 2476  =  ; 
2462 2509 2458  =  ; 
2462 2509 2459  =  ; 
2462 2509 2460  =  ; 
2462 2509 2461  =  ; 
2463 2509 2463  =  ; 
2463 2509 2479  =  ; 
2463 2509 2480  =  ; 
2464 2509 2479  =  ; 
2465 2509 2465  =  ; 
2465 2509 2480  =  ; 
2465 2509 2479  =  ; 
2524 2509 2455  =  ; 
2466 2509 2479  =  ; 
2467 2509 2463  =  ; 
2467 2509 2464  =  ; 
2467 2509 2465  =  ; 
2467 2509 2466  =  ; 
2467 2509 2467  =  ; 
2467 2509 2478  =  ; 
2467 2509 2479  =  ; 
2467 2509 2476  =  ; 
2467 2509 2464 2509 2479  =  ; 
2467 2509 2465 2509 2479  =  ; 
2467 2509 2465 2509 2480  =  ; 
2468 2509 2468  =  ; 
2468 2509 2469  =  ; 
2468 2509 2472  =  ; 
2468 2509 2478  =  ; 
2468 2509 2479  =  ; 
2468 2509 2480  =  ; 
2468 2509 2476  =  ; 
2468 2509 2468 2509 2479  =  ; 
2468 2509 2468 2509 2476  =  ; 
2468 2509 2478 2509 2479  =  ; 
2468 2509 2480 2509 2479  =  ; 
2469 2509 2479  =  ; 
2469 2509 2480  =  ; 
2469 2509 2476  =  ; 
2470 2509 2455  =  ; 
2470 2509 2456  =  ; 
2470 2509 2470  =  ; 
2470 2509 2471  =  ; 
2470 2509 2477  =  ; 
2470 2509 2478  =  ; 
2470 2509 2479  =  ; 
2470 2509 2480  =  ; 
2470 2509 2476  =  ; 
2471 2509 2472  =  ; 
2471 2509 2479  =  ; 
2471 2509 2480  =  ; 
2471 2509 2476  =  ; 
2472 2509 2468  =  ; 
2472 2509 2469  =  ; 
2472 2509 2470  =  ; 
2472 2509 2471  =  ; 
2472 2509 2472  =  ; 
2472 2509 2479  =  ; 
2472 2509 2476  =  ; 
2472 2509 2478  =  ; 
2472 2509 2488  =  ; 
2472 2509 2468 2509 2480  =  ; 
2472 2509 2470 2509 2476  =  ; 
2474 2509 2463  =  ; 
2474 2509 2474  =  ; 
2474 2509 2472  =  ; 
2474 2509 2468  =  ; 
2474 2509 2482  =  ; 
2474 2509 2488  =  ; 
2475 2509 2480  =  ; 
2475 2509 2482  =  ; 
2476 2509 2460  =  ; 
2476 2509 2470  =  ; 
2476 2509 2471  =  ; 
2476 2509 2476  =  ; 
2476 2509 2482  =  ; 
2477 2509 2480  =  ; 
2478 2509 2472  =  ; 
2478 2509 2474  =  ; 
2478 2509 2475  =  ; 
2478 2509 2476  =  ; 
2478 2509 2477  =  ; 
2478 2509 2478  =  ; 
2478 2509 2480  =  ; 
2478 2509 2482  =  ; 
2478 2509 2477 2509 2480  =  ; 
2482 2509 2453  =  ; 
2482 2509 2455  =  ; 
2482 2509 2463  =  ; 
2482 2509 2465  =  ; 
2482 2509 2474  =  ; 
2482 2509 2475  =  ; 
2482 2509 2476  =  ; 
2482 2509 2478  =  ; 
2482 2509 2482  =  ; 
2486 2509 2458  =  ; 
2486 2509 2459  =  ; 
2486 2509 2472  =  ; 
2486 2509 2478  =  ; 
2486 2509 2482  =  ; 
2486 2509 2476  =  ; 
2487 2509 2453  =  ; 
2487 2509 2463  =  ; 
2487 2509 2464  =  ; 
2487 2509 2467  =  ; 
2487 2509 2474  =  ; 
2487 2509 2475  =  ; 
2487 2509 2478  =  ; 
2487 2509 2453 2509 2480  =  ; 
2487 2509 2463 2509 2480  =  ; 
2488 2509 2453  =  ; 
2488 2509 2454  =  ; 
2488 2509 2463  =  ; 
2488 2509 2468  =  ; 
2488 2509 2469  =  ; 
2488 2509 2472  =  ; 
2488 2509 2474  =  ; 
2488 2509 2475  =  ; 
2488 2509 2478  =  ; 
2488 2509 2480  =  ; 
2488 2509 2482  =  ; 
2488 2509 2476  =  ; 
2489 2509 2467  =  ; 
2489 2509 2472  =  ; 
2489 2509 2478  =  ; 
2489 2509 2480  =  ; 
2489 2509 2482  =  ; 
2455 2497  =  ; 
2468 2509 2480  =  ; 
2472 2509 2468 2497  =  ; 
2480 2497  =  ; 
2480 2498  =  ; 
2486 2497  =  ; 
2489 2499  =  ; 
2489 2497  =  ; 
2468 2509 8204  =  ; 
2468 2509 8205  =  ; 
2468 2509 8204 2468 2495  =  ; 
2468 2509 8205 2468 2495  =  ; 
2463 2509 8204  =  ; 
2480 2509 2479  =  ; 
2480 2509 2479 2494  =  ; 
