2432 = ;
2433 = ;
2434 = ;
2435 = ;
2436 = ;
2437 = ;
2438 = ;
2439 = ;
2440 = ;
2441 = ;
2442 = ;
2443 = ;
2444 = ;
2445 = ;
2446 = ;
2447 = ;
2448 = ;
2449 = ;
2450 = ;
2451 = ;
2452 = ;
2453 = ;
2454 = ;
2455 = ;
2456 = ;
2457 = ;
2458 = ;
2459 = ;
2460 = ;
2461 = ;
2462 = ;
2463 = ;
2464 = ;
2465 = ;
2466 = ;
2467 = ;
2468 = ;
2469 = ;
2470 = ;
2471 = ;
2472 = ;
2473 = ;
2474 = ;
2475 = ;
2476 = ;
2477 = ;
2478 = ;
2479 = ;
2480 = ;
2481 = ;
2482 = ;
2483 = ;
2484 = ;
2485 = ;
2486 = ;
2487 = ;
2488 = ;
2489 = ;
2490 = ;
2491 = ;
2492 = ;
2493 = ;
2494 = ;
2495 = ;
2496 = ;
2497 = ;
2498 = ;
2499 = ;
2500 = ;
2501 = ;
2502 = ;
2503 = ;
2504 = ;
2505 = ;
2506 = ;
2507 = ;
2508 = ;
2509 = ;
2510 = ;
2511 = ;
2512 = ;
2513 = ;
2514 = ;
2515 = ;
2516 = ;
2517 = ;
2518 = ;
2519 = ;
2520 = ;
2521 = ;
2522 = ;
2523 = ;
2524 = ;
2525 = ;
2526 = ;
2527 = ;
2528 = ;
2529 = ;
2530 = ;
2531 = ;
2532 = ;
2533 = ;
2534 = ;
2535 = ;
2536 = ;
2537 = ;
2538 = ;
2539 = ;
2540 = ;
2541 = ;
2542 = ;
2543 = ;
2544 = ;
2545 = ;
2546 = ;
2547 = ;
2548 = ;
2549 = ;
2550 = ;
2551 = ;
2552 = ;
2553 = ;
2554 = ;
2555 = ;
2556 = ;
2557 = ;
2558 = ;
2559 = ;
2453 2509 2453  = ;
2453 2509 2463  = ;
2453 2509 2468  = ;
2453 2509 2478  = ;
2453 2509 2479  = ;
2453 2509 2480  = ;
2453 2509 2482  = ;
2453 2509 2476  = ;
2453 2509 2487  = ;
2453 2509 2488  = ;
2453 2509 2482 2509 2479  = ;
2453 2509 2487 2509 2472  = ;
2453 2509 2487 2509 2478  = ;
2453 2509 2487 2509 2479  = ;
2454 2509 2479  = ;
2454 2509 2480  = ;
2455 2509 2455  = ;
2455 2509 2471  = ;
2455 2509 2472  = ;
2455 2509 2478  = ;
2455 2509 2482  = ;
2455 2509 2476  = ;
2455 2509 2472 2509 2479  = ;
2455 2509 2480 2509 2479  = ;
2456 2509 2472  = ;
2456 2509 2480  = ;
2456 2509 2479  = ;
2457 2509 2453  = ;
2457 2509 2454  = ;
2457 2509 2455  = ;
2457 2509 2456  = ;
2457 2509 2478  = ;
2457 2509 2453 2509 2487  = ;
2457 2509 2454 2509 2479  = ;
2457 2509 2455 2509 2479  = ;
2457 2509 2456 2509 2479  = ;
2458 2509 2458  = ;
2458 2509 2459  = ;
2458 2509 2462  = ;
2458 2509 2479  = ;
2458 2509 2459 2509 2480  = ;
2458 2509 2459 2509 2476  = ;
2459 2509 2479  = ;
2460 2509 2460  = ;
2460 2509 2461  = ;
2460 2509 2462  = ;
2460 2509 2479  = ;
2460 2509 2480  = ;
2460 2509 2476  = ;
2460 2509 2460 2509 2476  = ;
2462 2509 2458  = ;
2462 2509 2459  = ;
2462 2509 2460  = ;
2462 2509 2461  = ;
2463 2509 2463  = ;
2463 2509 2479  = ;
2463 2509 2480  = ;
2464 2509 2479  = ;
2465 2509 2465  = ;
2465 2509 2480  = ;
2465 2509 2479  = ;
2524 2509 2455  = ;
2466 2509 2479  = ;
2467 2509 2463  = ;
2467 2509 2464  = ;
2467 2509 2465  = ;
2467 2509 2466  = ;
2467 2509 2467  = ;
2467 2509 2478  = ;
2467 2509 2479  = ;
2467 2509 2476  = ;
2467 2509 2464 2509 2479  = ;
2467 2509 2465 2509 2479  = ;
2467 2509 2465 2509 2480  = ;
2468 2509 2468  = ;
2468 2509 2469  = ;
2468 2509 2472  = ;
2468 2509 2478  = ;
2468 2509 2479  = ;
2468 2509 2480  = ;
2468 2509 2476  = ;
2468 2509 2468 2509 2479  = ;
2468 2509 2468 2509 2476  = ;
2468 2509 2478 2509 2479  = ;
2468 2509 2480 2509 2479  = ;
2469 2509 2479  = ;
2469 2509 2480  = ;
2469 2509 2476  = ;
2470 2509 2455  = ;
2470 2509 2456  = ;
2470 2509 2470  = ;
2470 2509 2471  = ;
2470 2509 2477  = ;
2470 2509 2478  = ;
2470 2509 2479  = ;
2470 2509 2480  = ;
2470 2509 2476  = ;
2471 2509 2472  = ;
2471 2509 2479  = ;
2471 2509 2480  = ;
2471 2509 2476  = ;
2472 2509 2468  = ;
2472 2509 2469  = ;
2472 2509 2470  = ;
2472 2509 2471  = ;
2472 2509 2472  = ;
2472 2509 2479  = ;
2472 2509 2476  = ;
2472 2509 2478  = ;
2472 2509 2488  = ;
2472 2509 2468 2509 2480  = ;
2472 2509 2470 2509 2476  = ;
2474 2509 2463  = ;
2474 2509 2474  = ;
2474 2509 2472  = ;
2474 2509 2468  = ;
2474 2509 2482  = ;
2474 2509 2488  = ;
2475 2509 2480  = ;
2475 2509 2482  = ;
2476 2509 2460  = ;
2476 2509 2470  = ;
2476 2509 2471  = ;
2476 2509 2476  = ;
2476 2509 2482  = ;
2477 2509 2480  = ;
2478 2509 2472  = ;
2478 2509 2474  = ;
2478 2509 2475  = ;
2478 2509 2476  = ;
2478 2509 2477  = ;
2478 2509 2478  = ;
2478 2509 2480  = ;
2478 2509 2482  = ;
2478 2509 2477 2509 2480  = ;
2482 2509 2453  = ;
2482 2509 2455  = ;
2482 2509 2463  = ;
2482 2509 2465  = ;
2482 2509 2474  = ;
2482 2509 2475  = ;
2482 2509 2476  = ;
2482 2509 2478  = ;
2482 2509 2482  = ;
2486 2509 2458  = ;
2486 2509 2459  = ;
2486 2509 2472  = ;
2486 2509 2478  = ;
2486 2509 2482  = ;
2486 2509 2476  = ;
2487 2509 2453  = ;
2487 2509 2463  = ;
2487 2509 2464  = ;
2487 2509 2467  = ;
2487 2509 2474  = ;
2487 2509 2475  = ;
2487 2509 2478  = ;
2487 2509 2453 2509 2480  = ;
2487 2509 2463 2509 2480  = ;
2488 2509 2453  = ;
2488 2509 2454  = ;
2488 2509 2463  = ;
2488 2509 2468  = ;
2488 2509 2469  = ;
2488 2509 2472  = ;
2488 2509 2474  = ;
2488 2509 2475  = ;
2488 2509 2478  = ;
2488 2509 2480  = ;
2488 2509 2482  = ;
2488 2509 2476  = ;
2489 2509 2467  = ;
2489 2509 2472  = ;
2489 2509 2478  = ;
2489 2509 2480  = ;
2489 2509 2482  = ;
2455 2497  = ;
2468 2509 2480  = ;
2472 2509 2468 2497  = ;
2480 2497  = ;
2480 2498  = ;
2486 2497  = ;
2489 2499  = ;
2489 2497  = ;
2468 2509 8204  = ;
2468 2509 8205  = ;
2468 2509 8204 2468 2495  = ;
2468 2509 8205 2468 2495  = ;
2463 2509 8204  = ;
2480 2509 2479  = ;
2480 2509 2479 2494  = ;
